12
19 46
.#..###..####......#....#..###..####......#...
.#...##..###.......#...#...##..###.......#....
.#.#..#........##..#...#.#..#........##..#....
.###..........####.#...###..........####.#....
.###........#####..#...###........#####..#....
.##...##....###....#...##...##....###....#....
.##...###..........##..##...###..........##.#.
.#....###..####......#.#....###..####......#..
...p...##...#####..#.p...p...##...#####..#.p..
.#........#H..####.##..#........#...####.##..#
........p.##....##.#.p........p.##....##.#.p.#
.##.####..##.......#.#.##.####..##.......#.#..
.#........###...p....p.#........###...p....p..
.#.p.p.#...###.....#...#.p.p.#...###.....#....
.#.....#######.....#.p.#.....#######.....#.p.#
.####################..####################...
.#pcccccccccccccccp#.p.#pcccccccccccccccp#.p..
.###################.#.###################.#..
############################################.#
12
12 16 16 21
10 8 14 21
8 3 12 21
10 21 16 18
8 21 13 3
13 5 16 2
25 8 43 8   
25 10 43 10 
12 16 40 16 
11 12 39 12 
25 16 43 16 
39 14 43 14 
