16
20 20
p....p.........p...p
....................
....................
....................
....................
p..................p
......####.####.....
........p...p.......
......#..p.p..#.....
......#p.....p#.....
..........H.........
......#p.....p#.....
......#..p.p..#.....
........p...p.......
......####.####.....
p..................p
....................
....................
....................
p....p.........p...p
12
7 8 0 0
7 12 0 19
9 7 19 0
9 13 19 19
11 7 0 5
11 13 0 15
13 8 19 5
13 12 19 15
8 9 5 0
8 11 15 0
12 9 5 19
12 11 15 19
